229144
253687
238577
236509
227675
229085
233245
266177
254351
265855
239842
219847
239749
230566
253104
230185
251974
253091
251489
238030
260614
245023
232887
233547
262158
262870
239312
255129
244530
246963
256050
215459
243725
233770
250704
261819
261830
215658
256404
260028
261789
241254
268580
262407
262252
201814
250193
236036
262889
243933
245697
239750
128983
95364
223815
225080
110332
225767
97247
31139
266116
217037
160657
182439
205089
176495
199121
199425
184068
186615
224644
129479
251524
153374
146499
258212
163532
255244
269825
235914
247103
138365
124624
219718
168941
265918
205995
191390
225496
259137
231681
161688
199613
259260
260433
235532
88323
72117
170213
256613
258382
224942
181556
152456
167936
139048
185592
191427
175015
142825
182290
192845
192849
183099
192143
142825
153856
158404
136026
188918
193876
193984
76119
192874
107180
110900
135193
161488
65433
182327
78651
190230
191880
180600
105465
173023
191049
191851
167112
177754
187016
165961
165962
97879
74500
133435
152075
174888
93354
74076
122948
104346
91773
78226
76482
68508
61224
60473
58469
56295
53905
42383
187611
190846
158050
83269
146042
178941
100401
35240
77415
190900
161819
151132
147585
136908
112907
125392
174463
159290
137953
114053
78818
15055
39876
191427
192695
192330
191320
164434
76813
148669
144806
163698
158559
182210
131428
112853
178594
195665
195092
195093
229144
253687
238577
236509
227675
229085
233245
266177
254351
265855
239842
219847
239749
230566
253104
230185
251974
253091
251489
238030
260614
245023
232887
233547
262158
262870
239312
255129
244530
246963
256050
215459
243725
233770
250704
261819
261830
215658
256404
260028
261789
241254
268580
262407
262252
201814
250193
236036
262889
243933
245697
239750
128983
95364
223815
225080
110332
225767
97247
231139
266116
217037
160657
182439
205089
176495
199121
199425
184068
186615
224644
129479
251524
153374
146499
258212
163532
255244
269825
235914
247103
138365
124624
219718
168941
265918
205995
191390
225496
259137
231681
161688
199613
259260
260433
235532
88323
272117
170213
256613
258382
224942
165310
177978
211759
212643
229540
250029
211519
256097
163478
91505
79280
260629
128051
121972
261633
172044
119055
208323
149942
161236
177150
233766
97949
230107
175822
213545
232837
179166
138603
130183
173543
234642
268015
228293
268893
239536
257892
226942
236297
216039
221711
245304
166174
175220
244327
191049
220882
244859
227446
259328
259532
259634
259610
259348
258669
256097
118282
260028
260058
259557
259497
122220
260111
260088
259880
258977
260097
259765
259359
260138
259617
107965
197255
260276
260209
260210
260203
191360
191390
248933
257567
227913
211648
210240
260626
259622
257991
213966
260623
149112
257168
198203
114783
220958
244387
243734
223315
118069
136188
260686
241777
260912
142154
119798
261174
258301
256808
169134
220354
260271
261725
261378
252174
261928
114427
187003
147577
249458
157767
224316
175294
258450
233864
236128
261162
174036
187205
210873
193318
110232
199310
193816
220376
193814
193815
219068
220386
177642
188269
181837
220377
119293
257528
258926
262384
105951
259904
208174
249229
245644
262538
234818
216845
149212
134442
135927
262447
261811
261650
261225
261226
260761
250327
192327
167801
150309
123554
189833
12386
232747
186250
200330
63009
202662
66435
145071
6290
185596
121963
67356
157649
230109
243886
172138
126145
253850
144121
166315
197350
2611
19157
247791
239595
50074
1235
135474
258965
262816
195747
242247
252913
149760
139983
114692
151132
152089
144481
201031
169585
198203
240330
236896
88670
254499
169585
196783
194443
59284
249265
62287
